0 0.479478 0.489362 0.220149 0.138298
0 0.270522 0.781915 0.294776 0.106383
0 0.632463 0.832447 0.294776 0.281915
0 0.231343 0.949468 0.201493 0.101064
0 0.216418 0.563830 0.164179 0.159574
0 0.104478 0.390957 0.089552 0.207447
0 0.567164 0.691489 0.261194 0.191489
0 0.873134 0.757979 0.216418 0.132979
0 0.675373 0.452128 0.082090 0.202128
0 0.529851 0.375000 0.216418 0.143617
0 0.427239 0.303191 0.205224 0.063830
0 0.589552 0.242021 0.179104 0.101064
0 0.291045 0.329787 0.149254 0.159574
0 0.408582 0.702128 0.167910 0.255319
0 0.764925 0.430851 0.126866 0.074468
0 0.889925 0.486702 0.070896 0.132979
0 0.083955 0.587766 0.130597 0.079787
0 0.777985 0.611702 0.070896 0.106383
0 0.824627 0.502660 0.082090 0.101064
