0 0.486622 0.571429 0.311037 0.273810
0 0.073579 0.720238 0.140468 0.166667
0 0.095318 0.913690 0.183946 0.160714
0 0.735786 0.565476 0.193980 0.166667
0 0.612040 0.577381 0.140468 0.154762
0 0.660535 0.452381 0.130435 0.130952
0 0.209030 0.157738 0.130435 0.303571
0 0.125418 0.389881 0.190635 0.303571
0 0.301003 0.122024 0.080268 0.232143
0 0.565217 0.270833 0.220736 0.160714
0 0.724080 0.172619 0.290970 0.238095
0 0.772575 0.866071 0.160535 0.267857
0 0.349498 0.854167 0.090301 0.291667
0 0.500000 0.851190 0.177258 0.297619
