0 0.258621 0.563218 0.103448 0.264368
0 0.351724 0.454023 0.158621 0.298851
0 0.322414 0.818966 0.127586 0.350575
0 0.118966 0.847701 0.182759 0.304598
0 0.108621 0.531609 0.210345 0.316092
0 0.203448 0.402299 0.241379 0.218391
0 0.456897 0.686782 0.265517 0.132184
0 0.239655 0.804598 0.148276 0.321839
0 0.579310 0.390805 0.227586 0.172414
0 0.596552 0.701149 0.137931 0.425287
0 0.674138 0.718391 0.113793 0.379310
0 0.784483 0.818966 0.224138 0.350575
0 0.896552 0.393678 0.151724 0.235632
0 0.512069 0.218391 0.079310 0.287356
0 0.396552 0.201149 0.179310 0.241379
0 0.410345 0.798851 0.110345 0.172414
0 0.905172 0.626437 0.175862 0.172414
0 0.153448 0.129310 0.120690 0.224138
0 0.167241 0.293103 0.231034 0.126437
0 0.608621 0.163793 0.134483 0.293103
0 0.693103 0.181034 0.089655 0.339080
0 0.829310 0.218391 0.210345 0.103448
0 0.772414 0.109195 0.151724 0.137931
