0 0.433824 0.781081 0.242647 0.308108
0 0.360294 0.472973 0.205882 0.145946
0 0.235294 0.343243 0.132353 0.264865
0 0.196691 0.654054 0.187500 0.205405
0 0.330882 0.627027 0.235294 0.140541
0 0.158088 0.875676 0.198529 0.216216
0 0.545956 0.929730 0.224265 0.140541
0 0.648897 0.783784 0.231618 0.129730
0 0.397059 0.310811 0.250000 0.135135
0 0.156250 0.189189 0.150735 0.227027
0 0.207721 0.102703 0.121324 0.194595
0 0.064338 0.505405 0.121324 0.264865
0 0.034926 0.772973 0.062500 0.281081
0 0.593750 0.327027 0.194853 0.232432
0 0.876838 0.508108 0.187500 0.140541
0 0.488971 0.102703 0.110294 0.194595
0 0.329044 0.094595 0.084559 0.178378
